CREST	THIGH	LEG	FOOT	TOE	LIMB	HIP	KNEE	ANKLE	MTP	AB/AD_PELVIS	ROT_PELVIS					PELVIS_R	PELVIS_R	PELVIS_R	PELVIS_L	PELVIS_L	PELVIS_L	
-11.806	47.03333333	-9.541666667	66.01666667	78.66666667	38.71666667	121.1666667	120.3333333	94.93333333	192.5	4.943333333	-189.6866667					-9.14E+00	-1.74E+01	-1.20E+01	-2.00E+01	-1.31E+01	8.04E-01	-1.18E+01
-11.53883333	46.11666667	-9.943333333	63.68333333	76.05	37.43333333	122.3333333	121.6666667	97.8	192.3333333	4.941166667	-189.6566667					-9.09E+00	-1.66E+01	-1.14E+01	-1.98E+01	-1.29E+01	5.57E-01	-1.15E+01
-11.31383333	45.05	-11.29666667	61.76666667	74.01666667	36.06666667	123.6666667	122	99.68333333	192.3333333	4.923333333	-189.4					-9.08E+00	-1.59E+01	-1.08E+01	-1.97E+01	-1.27E+01	2.97E-01	-1.13E+01
-11.1882	43.95	-13.36	60.16666667	72.66666667	34.66666667	124.8333333	121.8333333	100.4166667	192.5	4.901666667	-189.095					-9.08E+00	-1.53E+01	-1.04E+01	-1.97E+01	-1.27E+01	5.08E-02	-1.12E+01
-11.07466667	42.9	-15.74666667	58.83333333	71.91666667	33.35	125.8333333	121.3333333	100.4833333	193	4.866666667	-188.7283333					-9.09E+00	-1.49E+01	-9.99E+00	-1.96E+01	-1.27E+01	-1.68E-01	-1.11E+01
-11.00983333	41.9	-18.22666667	57.65	71.7	32.05	127.1666667	120.3333333	100.0333333	194.1666667	4.8	-188.1583333					-9.10E+00	-1.45E+01	-9.70E+00	-1.96E+01	-1.28E+01	-3.59E-01	-1.10E+01
-10.9605	41.08333333	-20.55	56.55	71.76666667	30.91666667	128	119.1666667	99.21666667	195.3333333	4.74	-187.8666667					-9.10E+00	-1.42E+01	-9.53E+00	-1.95E+01	-1.29E+01	-5.33E-01	-1.10E+01
-10.93133333	40.35	-22.6	55.43333333	71.98333333	29.83333333	128.6666667	118.1666667	98.15	196.3333333	4.656666667	-187.58					-9.12E+00	-1.40E+01	-9.46E+00	-1.93E+01	-1.30E+01	-7.08E-01	-1.09E+01
-10.94333333	39.71666667	-24.31666667	54.31666667	72.16666667	28.88333333	129.3333333	117	97.13333333	197.6666667	4.563333333	-187.1133333					-9.15E+00	-1.38E+01	-9.51E+00	-1.92E+01	-1.31E+01	-9.00E-01	-1.09E+01
-11.02166667	39.13333333	-25.66666667	53.16666667	72.28333333	28	129.8333333	116	96.56666667	199.1666667	4.453333333	-186.8233333					-9.23E+00	-1.37E+01	-9.68E+00	-1.91E+01	-1.33E+01	-1.12E+00	-1.10E+01
-11.16666667	38.55	-26.81666667	51.95	72.18333333	27.13333333	130.3333333	115.5	95.83333333	200.1666667	4.345	-186.55					-9.35E+00	-1.37E+01	-9.97E+00	-1.91E+01	-1.35E+01	-1.38E+00	-1.12E+01
-11.385	37.95	-27.76666667	50.78333333	71.98333333	26.31666667	130.8333333	114.6666667	95.6	201.1666667	4.236666667	-186.1166667					-9.53E+00	-1.38E+01	-1.04E+01	-1.91E+01	-1.38E+01	-1.68E+00	-1.14E+01
-11.64666667	37.35	-28.61666667	49.55	71.6	25.51666667	130.8333333	114.3333333	95.36666667	202	4.13	-186.05					-9.77E+00	-1.39E+01	-1.08E+01	-1.92E+01	-1.42E+01	-2.01E+00	-1.16E+01
-11.97833333	36.7	-29.46666667	48.36666667	71.1	24.68333333	131.3333333	113.8333333	95.35	202.8333333	4.01	-185.9666667					-1.01E+01	-1.41E+01	-1.14E+01	-1.94E+01	-1.45E+01	-2.37E+00	-1.20E+01
-12.35666667	36	-30.33333333	47.13333333	70.58333333	23.81666667	131.6666667	113.6666667	95.46666667	203.3333333	3.906833333	-185.9333333					-1.04E+01	-1.44E+01	-1.20E+01	-1.97E+01	-1.49E+01	-2.74E+00	-1.24E+01
-12.77166667	35.25	-31.3	45.98333333	70	22.9	132	113.5	95.58333333	204	3.8025	-185.75					-1.08E+01	-1.47E+01	-1.26E+01	-2.00E+01	-1.54E+01	-3.13E+00	-1.28E+01
-13.20333333	34.45	-32.3	44.75	69.46666667	21.96666667	132.5	113.1666667	95.73333333	204.8333333	3.7105	-185.7166667					-1.12E+01	-1.51E+01	-1.32E+01	-2.04E+01	-1.58E+01	-3.52E+00	-1.32E+01
-13.635	33.63333333	-33.41666667	43.53333333	68.9	20.98333333	132.5	113	96.18333333	205.1666667	3.618666667	-185.7					-1.16E+01	-1.55E+01	-1.38E+01	-2.08E+01	-1.62E+01	-3.91E+00	-1.36E+01
-14.08333333	32.76666667	-34.56666667	42.26666667	68.36666667	19.95	133.1666667	112.8333333	96.3	206.1666667	3.521666667	-185.5166667					-1.21E+01	-1.59E+01	-1.43E+01	-2.12E+01	-1.67E+01	-4.30E+00	-1.41E+01
-14.48166667	31.88333333	-35.76666667	41	67.85	18.88333333	133.5	112.8333333	96.38333333	206.8333333	3.418333333	-185.35					-1.25E+01	-1.63E+01	-1.48E+01	-2.16E+01	-1.70E+01	-4.69E+00	-1.45E+01
-14.91333333	31	-36.96666667	39.65	67.33333333	17.8	134.1666667	112.3333333	96.45	207.8333333	3.313333333	-185.1666667					-1.29E+01	-1.67E+01	-1.53E+01	-2.21E+01	-1.74E+01	-5.08E+00	-1.49E+01
-15.33	30.13333333	-38.16666667	38.3	66.81666667	16.66666667	134.5	112	96.66666667	208.3333333	3.226833333	-185.0333333					-1.34E+01	-1.72E+01	-1.57E+01	-2.25E+01	-1.77E+01	-5.48E+00	-1.53E+01
-15.69833333	29.23333333	-39.35	36.9	66.28333333	15.555	135	111.8333333	96.71666667	209.3333333	3.124833333	-185.0333333					-1.38E+01	-1.75E+01	-1.61E+01	-2.29E+01	-1.80E+01	-5.89E+00	-1.57E+01
-16.09833333	28.36666667	-40.51666667	35.5	65.73333333	14.38833333	135.8333333	111.1666667	96.78333333	210.3333333	3.026833333	-184.8833333					-1.42E+01	-1.79E+01	-1.65E+01	-2.34E+01	-1.83E+01	-6.29E+00	-1.61E+01
-16.45	27.45	-41.7	34.03333333	65.15	13.20333333	136	111	97.01666667	211	2.936	-184.6					-1.46E+01	-1.83E+01	-1.68E+01	-2.38E+01	-1.85E+01	-6.70E+00	-1.65E+01
-16.80333333	26.56666667	-42.83333333	32.56666667	64.51666667	12.03333333	136.8333333	110.6666667	97.28333333	212	2.838666667	-184.4666667					-1.49E+01	-1.87E+01	-1.71E+01	-2.43E+01	-1.87E+01	-7.12E+00	-1.68E+01
-17.12166667	25.65	-43.96666667	31.1	63.83333333	10.845	137.1666667	110.4666667	97.41666667	212.6666667	2.733166667	-184.1666667					-1.53E+01	-1.90E+01	-1.73E+01	-2.47E+01	-1.89E+01	-7.53E+00	-1.71E+01
-17.45666667	24.76666667	-45.06666667	29.61666667	63.1	9.645	137.8333333	110.05	97.58333333	213.5	2.613333333	-184.0666667					-1.56E+01	-1.94E+01	-1.76E+01	-2.51E+01	-1.91E+01	-7.94E+00	-1.75E+01
-17.81	23.83333333	-46.15	28.11666667	62.36666667	8.445	138.3333333	109.8166667	97.76666667	214.1666667	2.485	-183.95					-1.60E+01	-1.98E+01	-1.79E+01	-2.55E+01	-1.93E+01	-8.36E+00	-1.78E+01
-18.17833333	22.96666667	-47.25	26.61666667	61.58333333	7.2385	139	109.7333333	97.96666667	215.1666667	2.373333333	-183.6833333					-1.63E+01	-2.02E+01	-1.82E+01	-2.60E+01	-1.96E+01	-8.77E+00	-1.82E+01
-18.49666667	22.1	-48.3	25.07166667	60.81666667	6.0305	139.3333333	109.1666667	98.56666667	215.8333333	2.248333333	-183.4166667					-1.66E+01	-2.06E+01	-1.85E+01	-2.63E+01	-1.98E+01	-9.18E+00	-1.85E+01
-18.85	21.21666667	-49.36666667	23.59333333	59.95	4.822333333	140	108.9166667	98.83333333	216.5	2.086833333	-183.1666667					-1.69E+01	-2.10E+01	-1.88E+01	-2.67E+01	-2.01E+01	-9.60E+00	-1.89E+01
-19.18333333	20.36666667	-50.36666667	22.07	59.06666667	3.6145	140.5	108.5166667	99.1	217.1666667	1.943	-183.0833333					-1.72E+01	-2.13E+01	-1.91E+01	-2.71E+01	-2.04E+01	-1.00E+01	-1.92E+01
-19.53333333	19.51666667	-51.31666667	20.56833333	58.16666667	2.406666667	140.8333333	108.4333333	99.56666667	217.5	1.796166667	-182.6666667					-1.75E+01	-2.17E+01	-1.94E+01	-2.75E+01	-2.07E+01	-1.04E+01	-1.95E+01
-19.85	18.66666667	-52.3	19.03833333	57.23333333	1.203166667	141.5	108.0166667	99.86666667	218.1666667	1.663833333	-182.6166667					-1.77E+01	-2.20E+01	-1.97E+01	-2.79E+01	-2.10E+01	-1.08E+01	-1.99E+01
-20.21666667	17.85	-53.23333333	17.49233333	56.23333333	0.001333333	141.8333333	107.9333333	100.55	218.5	1.525283333	-182.3666667					-1.80E+01	-2.23E+01	-2.01E+01	-2.83E+01	-2.13E+01	-1.13E+01	-2.02E+01
-20.53333333	17.045	-54.16666667	15.95166667	55.18333333	-1.194666667	142.3333333	107.6666667	101.0333333	219.3333333	1.394566667	-182.1333333					-1.83E+01	-2.25E+01	-2.04E+01	-2.87E+01	-2.16E+01	-1.17E+01	-2.05E+01
-20.9	16.20333333	-55.05	14.38	54.11666667	-2.398333333	143	107.5666667	101.3666667	219.8333333	1.286833333	-181.7166667					-1.85E+01	-2.28E+01	-2.08E+01	-2.92E+01	-2.20E+01	-1.21E+01	-2.09E+01
-21.21666667	15.40166667	-55.95	12.795	52.98333333	-3.611666667	143.3333333	107.1333333	102.05	220.3333333	1.184	-181.6333333					-1.87E+01	-2.30E+01	-2.12E+01	-2.96E+01	-2.23E+01	-1.25E+01	-2.12E+01
-21.56666667	14.59333333	-56.83333333	11.17966667	51.85	-4.818333333	144	106.8666667	102.5166667	220.6666667	1.100166667	-181.3966667					-1.89E+01	-2.33E+01	-2.16E+01	-3.00E+01	-2.27E+01	-1.29E+01	-2.16E+01
-21.9	13.78166667	-57.73333333	9.562	50.6	-6.055	144	106.6	103.45	221	1.035333333	-181.135					-1.91E+01	-2.35E+01	-2.20E+01	-3.04E+01	-2.30E+01	-1.34E+01	-2.19E+01
-22.26666667	12.95333333	-58.61666667	7.898333333	49.38333333	-7.278333333	144.8333333	106.5	103.8833333	221.6666667	0.96925	-180.89					-1.93E+01	-2.38E+01	-2.25E+01	-3.08E+01	-2.34E+01	-1.38E+01	-2.23E+01
-22.63333333	12.11833333	-59.48333333	6.215	48.08333333	-8.5425	145.1666667	106.4166667	104.65	221.6666667	0.9035	-180.6216667					-1.94E+01	-2.41E+01	-2.30E+01	-3.12E+01	-2.39E+01	-1.42E+01	-2.26E+01
-23	11.30333333	-60.38333333	4.511666667	46.75	-9.798333333	145.8333333	106.5	105.4333333	222.1666667	0.886333333	-180.535					-1.95E+01	-2.44E+01	-2.35E+01	-3.16E+01	-2.43E+01	-1.47E+01	-2.30E+01
-23.33333333	10.47166667	-61.2	2.813333333	45.33333333	-11.065	146	106.25	106.2166667	222.6666667	0.834816667	-180.275					-1.96E+01	-2.47E+01	-2.39E+01	-3.19E+01	-2.48E+01	-1.51E+01	-2.33E+01
-23.68333333	9.652166667	-61.98333333	1.0595	43.88333333	-12.34833333	146.6666667	106.2	107.1833333	222.8333333	0.766866667	-179.9966667					-1.97E+01	-2.50E+01	-2.43E+01	-3.22E+01	-2.53E+01	-1.56E+01	-2.37E+01
-24.01666667	8.825	-62.73333333	-0.661666667	42.36666667	-13.62333333	147.1666667	106.3333333	108.1666667	223.1666667	0.684466667	-179.9133333					-1.98E+01	-2.53E+01	-2.47E+01	-3.25E+01	-2.57E+01	-1.61E+01	-2.40E+01
-24.31666667	8.03305	-63.43333333	-2.411666667	40.75	-14.84166667	147.6666667	106.3	109	223.3333333	0.637333333	-179.68					-1.98E+01	-2.56E+01	-2.51E+01	-3.27E+01	-2.62E+01	-1.65E+01	-2.43E+01
-24.63333333	7.266333333	-64.05	-4.166666667	39.06666667	-16.085	148.1666667	106.3	110.0166667	223.5	0.562	-179.61					-1.99E+01	-2.59E+01	-2.54E+01	-3.30E+01	-2.66E+01	-1.70E+01	-2.46E+01
-24.9	6.525	-64.6	-5.938333333	37.33333333	-17.28833333	148.6666667	106.3166667	111.5666667	223.3333333	0.478833333	-179.39					-2.00E+01	-2.61E+01	-2.57E+01	-3.32E+01	-2.70E+01	-1.74E+01	-2.49E+01
-25.18333333	5.813333333	-65.05	-7.68	35.53333333	-18.45	148.8333333	106.1666667	112.6666667	223.1666667	0.391666667	-179.3516667					-2.00E+01	-2.64E+01	-2.59E+01	-3.35E+01	-2.74E+01	-1.79E+01	-2.52E+01
-25.43333333	5.121666667	-65.43333333	-9.439666667	33.68333333	-19.58333333	149.5	106.3666667	113.9666667	223.1666667	0.3355	-179.3466667					-2.01E+01	-2.67E+01	-2.61E+01	-3.37E+01	-2.77E+01	-1.83E+01	-2.54E+01
-25.71666667	4.48	-65.78333333	-11.16333333	31.76666667	-20.68333333	149.6666667	106.75	115.5	223.1666667	0.282666667	-179.34					-2.02E+01	-2.70E+01	-2.64E+01	-3.39E+01	-2.80E+01	-1.88E+01	-2.57E+01
-25.96666667	3.873666667	-66.05	-12.89	29.8	-21.76666667	150.1666667	106.9833333	117	222.6666667	0.248333333	-179.1983333					-2.04E+01	-2.73E+01	-2.66E+01	-3.41E+01	-2.82E+01	-1.92E+01	-2.60E+01
-26.2	3.286833333	-66.25	-14.61933333	27.845	-22.81666667	150.5	107.2166667	118.6666667	222.5	0.231666667	-179.3716667					-2.05E+01	-2.76E+01	-2.68E+01	-3.44E+01	-2.83E+01	-1.96E+01	-2.62E+01
-26.45	2.766666667	-66.45	-16.29333333	25.83166667	-23.81666667	150.8333333	107.2833333	120	222	0.236666667	-179.2333333					-2.06E+01	-2.80E+01	-2.70E+01	-3.46E+01	-2.85E+01	-2.00E+01	-2.65E+01
-26.7	2.271666667	-66.6	-17.96666667	23.79833333	-24.78333333	151	107.6833333	121.8333333	221.8333333	0.286666667	-179.43					-2.08E+01	-2.83E+01	-2.73E+01	-3.48E+01	-2.86E+01	-2.04E+01	-2.67E+01
-26.91666667	1.816666667	-66.7	-19.60166667	21.712	-25.7	151	108.0833333	123.5	221	0.355	-179.4633333					-2.09E+01	-2.87E+01	-2.75E+01	-3.50E+01	-2.86E+01	-2.08E+01	-2.69E+01
-27.16666667	1.404166667	-66.8	-21.21666667	19.55833333	-26.56666667	151.5	108.15	125.3333333	220.8333333	0.45	-179.4983333					-2.11E+01	-2.90E+01	-2.77E+01	-3.53E+01	-2.87E+01	-2.12E+01	-2.72E+01
-27.4	1.041166667	-66.85	-22.81666667	17.39166667	-27.4	151.5	108.5333333	127	220	0.56	-179.6833333					-2.13E+01	-2.94E+01	-2.80E+01	-3.55E+01	-2.87E+01	-2.15E+01	-2.74E+01
-27.58333333	0.7205	-66.93333333	-24.35	15.14833333	-28.18333333	151.6666667	108.4333333	128.3333333	219.8333333	0.701666667	-179.7166667					-2.14E+01	-2.97E+01	-2.82E+01	-3.57E+01	-2.87E+01	-2.18E+01	-2.76E+01
-27.76666667	0.455416667	-66.96666667	-25.83333333	12.815	-28.93333333	152	108.9666667	130.5	218.6666667	0.851666667	-179.9183333					-2.16E+01	-2.99E+01	-2.85E+01	-3.59E+01	-2.87E+01	-2.20E+01	-2.78E+01
-27.93333333	0.231666667	-67	-27.31666667	10.36166667	-29.61666667	152	108.85	131.8333333	217.5	1.008333333	-180.1033333					-2.18E+01	-3.02E+01	-2.87E+01	-3.60E+01	-2.87E+01	-2.22E+01	-2.79E+01
-28.11666667	0.0625	-67.05	-28.76666667	7.765	-30.25	152	108.8666667	133.6666667	216.5	1.166666667	-180.12					-2.20E+01	-3.04E+01	-2.90E+01	-3.62E+01	-2.88E+01	-2.23E+01	-2.81E+01
-28.23333333	-0.067833333	-67.08333333	-30.15	4.99	-30.88333333	152.1666667	109.2166667	135.3333333	215.1666667	1.335	-180.13					-2.22E+01	-3.05E+01	-2.92E+01	-3.63E+01	-2.89E+01	-2.23E+01	-2.82E+01
-28.31666667	-0.15	-67.15	-31.53333333	2.035833333	-31.48333333	151.8333333	109.2166667	137	213.6666667	1.485	-180.3116667					-2.24E+01	-3.06E+01	-2.94E+01	-3.64E+01	-2.90E+01	-2.21E+01	-2.83E+01
-28.38333333	-0.196666667	-67.18333333	-32.81666667	-1.051666667	-32.06666667	151.8333333	109.2166667	138.6666667	211.8333333	1.631666667	-180.295					-2.26E+01	-3.07E+01	-2.95E+01	-3.64E+01	-2.92E+01	-2.19E+01	-2.84E+01
-28.43333333	-0.196666667	-67.23333333	-34.06666667	-4.264533333	-32.63333333	151.6666667	109.2	140.1666667	209.8333333	1.778333333	-180.4466667					-2.27E+01	-3.08E+01	-2.97E+01	-3.65E+01	-2.94E+01	-2.15E+01	-2.84E+01
-28.45	-0.15	-67.28333333	-35.2	-7.525333333	-33.15	151.6666667	109	141.6666667	207.5	1.916666667	-180.5966667					-2.28E+01	-3.09E+01	-2.98E+01	-3.66E+01	-2.97E+01	-2.09E+01	-2.85E+01
-28.46666667	-0.0565	-67.36666667	-36.15	-10.83	-33.63333333	151.6666667	108.7833333	142.8333333	205.1666667	2.048333333	-180.7266667					-2.29E+01	-3.10E+01	-2.99E+01	-3.67E+01	-3.00E+01	-2.03E+01	-2.85E+01
-28.43333333	0.0775	-67.45	-36.9	-14.14833333	-34.05	151.1666667	108.55	143.3333333	202.8333333	2.194333333	-180.6865					-2.29E+01	-3.11E+01	-2.99E+01	-3.69E+01	-3.02E+01	-1.96E+01	-2.84E+01
-28.4	0.2705	-67.6	-37.31666667	-17.36666667	-34.4	151.1666667	108.1333333	143.6666667	200	2.339	-180.991					-2.29E+01	-3.12E+01	-2.99E+01	-3.71E+01	-3.05E+01	-1.88E+01	-2.84E+01
-28.33333333	0.538	-67.8	-37.31666667	-20.41666667	-34.61666667	151.1666667	107.5333333	143.3333333	197	2.473333333	-181.1103167					-2.29E+01	-3.13E+01	-2.99E+01	-3.73E+01	-3.07E+01	-1.79E+01	-2.83E+01
-28.23333333	0.884	-68.1	-36.85	-23.15166667	-34.7	150.6666667	107.05	142.3333333	193.6666667	2.628333333	-181.0768333					-2.27E+01	-3.15E+01	-2.99E+01	-3.75E+01	-3.08E+01	-1.70E+01	-2.82E+01
-28.11666667	1.308333333	-68.5	-35.75	-25.41666667	-34.6	150.5	105.8833333	140.5	190.5	2.777316667	-181.3723333					-2.25E+01	-3.17E+01	-2.98E+01	-3.78E+01	-3.08E+01	-1.61E+01	-2.81E+01
-27.96666667	1.85	-69.03333333	-34.03333333	-27.01666667	-34.28333333	150	104.6833333	137.8333333	187	2.945	-181.4976667					-2.23E+01	-3.18E+01	-2.97E+01	-3.80E+01	-3.08E+01	-1.52E+01	-2.80E+01
-27.78333333	2.51	-69.7	-31.56666667	-27.83333333	-33.68333333	149.8333333	103.2666667	134.6666667	183.6666667	3.12485	-181.6318333					-2.20E+01	-3.20E+01	-2.96E+01	-3.81E+01	-3.07E+01	-1.43E+01	-2.78E+01
-27.55	3.2595	-70.55	-28.31666667	-27.8	-32.83333333	149.3333333	101.4	130.5	180.5	3.316833333	-181.7555					-2.16E+01	-3.22E+01	-2.94E+01	-3.82E+01	-3.04E+01	-1.35E+01	-2.76E+01
-27.28333333	4.129516667	-71.61666667	-24.26666667	-26.8	-31.68333333	148.8333333	99.5	125.3333333	177.5	3.505	-181.883					-2.13E+01	-3.23E+01	-2.92E+01	-3.82E+01	-3.01E+01	-1.26E+01	-2.73E+01
-26.96666667	5.0936	-72.83333333	-19.38333333	-24.74333333	-30.18333333	147.6666667	97.26666667	119	174.5	3.690633333	-182.1783333					-2.09E+01	-3.24E+01	-2.89E+01	-3.80E+01	-2.98E+01	-1.18E+01	-2.70E+01
-26.58333333	6.175	-74.13333333	-13.67833333	-21.62166667	-28.36666667	147.1666667	94.86666667	112.1666667	172	3.890666667	-182.2851667					-2.04E+01	-3.24E+01	-2.86E+01	-3.78E+01	-2.93E+01	-1.10E+01	-2.66E+01
-26.21666667	7.391666667	-75.48333333	-7.171666667	-17.40333333	-26.15	146.3333333	92.43333333	104.9333333	169.6666667	4.089166667	-182.381					-2.00E+01	-3.24E+01	-2.83E+01	-3.75E+01	-2.88E+01	-1.03E+01	-2.62E+01
-25.76666667	8.783096667	-76.76666667	0.106666667	-12.01666667	-23.5	145.3333333	90	96.91666667	167.8333333	4.268333333	-182.445					-1.95E+01	-3.22E+01	-2.79E+01	-3.71E+01	-2.83E+01	-9.60E+00	-2.58E+01
-25.305	10.365	-77.76666667	8.143333333	-5.515	-20.38333333	144.1666667	87.55	88.61666667	166.1666667	4.433333333	-182.7983333					-1.90E+01	-3.21E+01	-2.75E+01	-3.66E+01	-2.77E+01	-8.93E+00	-2.53E+01
-24.76	12.23166667	-78.3	16.78166667	2.097833333	-16.66333333	142.8333333	85.3	80.2	165.3333333	4.601666667	-182.9183333					-1.85E+01	-3.18E+01	-2.70E+01	-3.60E+01	-2.70E+01	-8.26E+00	-2.48E+01
-24.19833333	14.43	-78.2	25.84666667	10.735	-12.345	141.5	83.43333333	72.08333333	164.8333333	4.721666667	-183.4366667					-1.79E+01	-3.15E+01	-2.65E+01	-3.54E+01	-2.63E+01	-7.59E+00	-2.42E+01
-23.54833333	16.99666667	-77.21666667	35.11166667	20.34666667	-7.318333333	139.5	82.05	64.65	165.1666667	4.826666667	-183.665					-1.73E+01	-3.11E+01	-2.58E+01	-3.46E+01	-2.56E+01	-6.89E+00	-2.35E+01
-22.84	20.00316667	-75.16666667	44.36666667	30.71666667	-1.588333333	137.1666667	81.31666667	58.38333333	166.5	4.901666667	-184.24					-1.67E+01	-3.06E+01	-2.51E+01	-3.37E+01	-2.48E+01	-6.14E+00	-2.28E+01
-22.025	23.35166667	-71.91666667	53.16666667	41.53333333	4.776666667	134.8333333	81.36666667	53.7	168.5	4.953333333	-184.6733333					-1.60E+01	-3.00E+01	-2.42E+01	-3.27E+01	-2.39E+01	-5.35E+00	-2.20E+01
-21.12	27.01	-67.36666667	61.11666667	52.28333333	11.52666667	131.8333333	82.43333333	50.96666667	171	4.978333333	-185.2716667					-1.53E+01	-2.93E+01	-2.31E+01	-3.16E+01	-2.29E+01	-4.52E+00	-2.11E+01
-20.11	30.83166667	-61.5	67.9	62.38333333	18.32833333	129	84.61666667	50.4	174.3333333	4.971666667	-185.9133333					-1.45E+01	-2.84E+01	-2.20E+01	-3.03E+01	-2.18E+01	-3.66E+00	-2.01E+01
-19.03333333	34.63333333	-54.41666667	73.08333333	71.13333333	24.69333333	126.5	87.9	52.01666667	178	4.963	-186.6816667					-1.37E+01	-2.74E+01	-2.08E+01	-2.89E+01	-2.06E+01	-2.80E+00	-1.90E+01
-17.94833333	38.21666667	-46.5	76.5	78.11666667	30.2	124	92.23333333	55.63333333	181.5	4.96725	-187.3283333					-1.30E+01	-2.63E+01	-1.95E+01	-2.75E+01	-1.94E+01	-1.99E+00	-1.79E+01
-16.82666667	41.35	-38.23333333	78.08333333	83.05	34.58333333	121.8333333	97.13333333	60.83333333	185	4.939	-187.9616667					-1.23E+01	-2.50E+01	-1.81E+01	-2.61E+01	-1.82E+01	-1.26E+00	-1.68E+01
-15.75933333	43.91666667	-30.26666667	78.05	85.96666667	37.65	120.3333333	102.2666667	67.01666667	187.8333333	4.921666667	-188.6233333					-1.16E+01	-2.37E+01	-1.68E+01	-2.48E+01	-1.70E+01	-6.56E-01	-1.58E+01
-14.76933333	45.76666667	-23.18333333	76.71666667	86.95	39.5	119.3333333	107.3	73.53333333	190.3333333	4.920166667	-188.98					-1.11E+01	-2.23E+01	-1.55E+01	-2.36E+01	-1.59E+01	-2.16E-01	-1.48E+01
-13.925	46.96666667	-17.445	74.41666667	86.33333333	40.31666667	119.1666667	111.6666667	79.88333333	191.8333333	4.9145	-189.365					-1.06E+01	-2.10E+01	-1.44E+01	-2.27E+01	-1.49E+01	5.00E-02	-1.39E+01
-13.19183333	47.48333333	-13.24666667	71.68333333	84.46666667	40.28333333	119.1666667	115.1666667	85.71666667	192.8333333	4.884891667	-189.7083333					-1.03E+01	-1.97E+01	-1.33E+01	-2.19E+01	-1.41E+01	1.49E-01	-1.32E+01
-12.649	47.4	-10.65333333	68.83333333	81.85	39.68333333	119.8333333	118	90.7	193	4.885666667	-189.97					-1.01E+01	-1.86E+01	-1.24E+01	-2.14E+01	-1.35E+01	1.06E-01	-1.26E+01
-12.19446667	46.85	-9.531166667	66.11666667	78.91666667	38.7	120.8333333	120.3333333	94.7	192.8333333	4.897333333	-189.7633333					-9.93E+00	-1.76E+01	-1.15E+01	-2.11E+01	-1.30E+01	-3.68E-02	-1.22E+01
