THIGH	LEG	FOOT	TOE	LIMB	HIP	KNEE	ANKLE	MTP	AB/AD_PELVIS	ROT_PELVIS	AB/ADKNEE
50.51111111	-28.23322222	58.97777778	77.58888889	29.91666667	85.28888889	97.48888889	85.22222222	198.6666667	1.291722222	1.327222222	39.66666667
50.02777778	-27.37611111	56.32222222	76.08888889	28.66666667	86.04444444	99.51111111	88.80555556	199.7777778	1.134483333	1.318333333	39.77777778
49.44444444	-27.48	53.83888889	74.65	27.31111111	86.92222222	100.7444444	91.58333333	200.7222222	0.947277778	1.26	39.88888889
48.91111111	-28.28111111	51.65	73.43333333	26.01111111	87.65	101.3666667	93.6	201.7777778	0.756777778	1.177777778	40.05555556
48.40555556	-29.51666667	49.77222222	72.55	24.81666667	88.37777778	101.2666667	94.96111111	202.6666667	0.565833333	1.101111111	40.11111111
47.95	-30.9	48.26111111	71.99444444	23.77777778	88.93888889	100.8833333	95.77222222	203.7777778	0.380333333	1.074444444	40.38888889
47.60555556	-32.3	46.98333333	71.68888889	22.88333333	89.42777778	100.1777778	96.10555556	204.7222222	0.211666667	1.010555556	40.5
47.27222222	-33.56666667	45.93888889	71.56666667	22.13333333	89.85	99.39444444	96.12222222	205.5555556	0.068333333	0.946111111	40.66666667
46.97777778	-34.65	45	71.56666667	21.46666667	90.09444444	98.53888889	96	206.5	-0.046666667	0.886666667	40.66666667
46.67222222	-35.57222222	44.16111111	71.56666667	20.84444444	90.38333333	97.8	95.75555556	207.4444444	-0.143888889	0.832777778	40.55555556
46.36666667	-36.36111111	43.34444444	71.55	20.24	90.55555556	97.06111111	95.48888889	208.1666667	-0.207777778	0.791111111	40.77777778
46.02777778	-37.06111111	42.52777778	71.48333333	19.635	90.76111111	96.59444444	95.28888889	209	-0.249444444	0.810555556	40.66666667
45.67777778	-37.72222222	41.67777778	71.31111111	18.99444444	90.91666667	95.94444444	95.17222222	209.6666667	-0.274444444	0.866111111	40.61111111
45.29444444	-38.39444444	40.80555556	71.07222222	18.32111111	90.99444444	95.75	95.06111111	210.1666667	-0.285	0.862222222	40.66666667
44.90555556	-39.07777778	39.92777778	70.78888889	17.61111111	91.17222222	95.30555556	95.12777778	210.7777778	-0.286666667	0.864444444	40.72222222
44.49444444	-39.82222222	39.03333333	70.41111111	16.88611111	91.35	95.05	95.15555556	211.5	-0.283333333	0.895	40.61111111
44.08888889	-40.57777778	38.10555556	70.06111111	16.12833333	91.52222222	94.79444444	95.28888889	212	-0.284444444	0.888888889	40.66666667
43.67777778	-41.37222222	37.18333333	69.66111111	15.34277778	91.61111111	94.59444444	95.47777778	212.4444444	-0.278888889	0.935	40.77777778
43.26111111	-42.21666667	36.27777778	69.27222222	14.54777778	91.79444444	94.32777778	95.69444444	213	-0.287222222	1.022222222	40.77777778
42.85555556	-43.02777778	35.35555556	68.91111111	13.75833333	91.95555556	93.94444444	95.84444444	213.5	-0.308777778	1.050555556	40.77777778
42.45555556	-43.83333333	34.43888889	68.52777778	12.95111111	92.23888889	93.66111111	96.02222222	214.1666667	-0.317388889	1.093888889	40.66666667
42.07222222	-44.64444444	33.53888889	68.16666667	12.15555556	92.42222222	93.26111111	96.17222222	214.5555556	-0.350333333	1.108333333	40.66666667
41.69444444	-45.44444444	32.61111111	67.79444444	11.36388889	92.54444444	93.01111111	96.33888889	215.2222222	-0.377722222	1.156666667	40.77777778
41.31111111	-46.23333333	31.68333333	67.42222222	10.57311111	92.77777778	92.54444444	96.46666667	215.8333333	-0.409	1.25	40.83333333
40.93888889	-47.00555556	30.75	67.06111111	9.778666667	92.91111111	92.11111111	96.59444444	216.2777778	-0.436944444	1.278888889	40.88888889
40.59444444	-47.78333333	29.81111111	66.67777778	8.984	93.08333333	91.73333333	96.84444444	216.9444444	-0.459444444	1.371111111	40.83333333
40.23333333	-48.54444444	28.85555556	66.3	8.183166667	93.26666667	91.20555556	96.98888889	217.3888889	-0.487777778	1.465555556	40.77777778
39.90555556	-49.30555556	27.88333333	65.88333333	7.375055556	93.45555556	90.85	97.09444444	218.0555556	-0.508333333	1.506666667	40.83333333
39.57777778	-50.06111111	26.9	65.46111111	6.560622222	93.63333333	90.38888889	97.25555556	218.5	-0.531111111	1.532777778	40.77777778
39.22777778	-50.80555556	25.89722222	65.02777778	5.742	93.73333333	90.02222222	97.62222222	219.1666667	-0.531666667	1.566666667	40.88888889
38.88333333	-51.53888889	24.88111111	64.57222222	4.913333333	93.86111111	89.59444444	97.78333333	219.7222222	-0.545	1.646111111	40.83333333
38.52222222	-52.24444444	23.89055556	64.10555556	4.083	94.02777778	89.23888889	98.00555556	220.3333333	-0.541	1.672222222	40.72222222
38.18333333	-52.94444444	22.88166667	63.63888889	3.245	94.26666667	88.88333333	98.45555556	220.7222222	-0.541444444	1.743888889	40.77777778
37.80555556	-53.62222222	21.85388889	63.13333333	2.409722222	94.32777778	88.55	98.63888889	221.1666667	-0.538277778	1.783888889	40.72222222
37.45555556	-54.28888889	20.8265	62.62777778	1.578388889	94.50555556	88.21111111	99.1	221.8888889	-0.530111111	1.846666667	40.66666667
37.09444444	-54.93333333	19.78333333	62.10555556	0.739555556	94.69444444	87.95555556	99.35555556	222.1666667	-0.521388889	1.863888889	40.55555556
36.73333333	-55.55555556	18.735	61.56666667	-0.092944444	94.82777778	87.68333333	99.9	222.8888889	-0.515333333	1.875555556	40.66666667
36.35555556	-56.17222222	17.67111111	61.03333333	-0.935277778	95.08333333	87.39444444	100.2888889	223.3333333	-0.494777778	1.886666667	40.66666667
35.98888889	-56.77777778	16.595	60.46666667	-1.778611111	95.22222222	87.17777778	100.8055556	223.8888889	-0.478333333	2.005555556	40.61111111
35.64444444	-57.36111111	15.50722222	59.89444444	-2.620444444	95.43888889	86.94444444	101.3333333	224.5	-0.453166667	2.026666667	40.55555556
35.27777778	-57.92777778	14.42555556	59.29444444	-3.460555556	95.57777778	86.75	101.8333333	224.7777778	-0.429444444	2.052222222	40.55555556
34.92777778	-58.48333333	13.32277778	58.67222222	-4.306777778	95.83888889	86.52222222	102.35	225.3888889	-0.402055556	2.075555556	40.55555556
34.56666667	-59.01666667	12.22275556	58.03333333	-5.143888889	96.03888889	86.36111111	102.9388889	225.7222222	-0.368444444	2.148888889	40.5
34.21611111	-59.54444444	11.12472222	57.39444444	-5.986777778	96.25555556	86.15555556	103.5944444	226.1666667	-0.347666667	2.221111111	40.5
33.86	-60.04444444	10.024	56.75555556	-6.815966667	96.46111111	86.00555556	104.1388889	226.7222222	-0.321611111	2.254444444	40.55555556
33.53222222	-60.52222222	8.929166667	56.1	-7.635861111	96.67777778	85.86111111	104.7277778	227.0555556	-0.298722222	2.332222222	40.55555556
33.17666667	-60.98888889	7.830611111	55.44444444	-8.457666667	96.96111111	85.73333333	105.4388889	227.6111111	-0.289738889	2.352833333	40.44444444
32.80444444	-61.45	6.738333333	54.76111111	-9.277555556	97.11666667	85.66666667	106	228.1111111	-0.288005556	2.367111111	40.55555556
32.46	-61.9	5.647222222	54.05555556	-10.08438889	97.31666667	85.54444444	106.7	228.3333333	-0.286277778	2.389944444	40.5
32.09777778	-62.34444444	4.564666667	53.34444444	-10.89888889	97.59444444	85.5	107.4055556	228.8333333	-0.3035	2.517222222	40.61111111
31.74666667	-62.76666667	3.477666667	52.59444444	-11.69611111	97.89444444	85.47222222	108.0611111	229.1111111	-0.327	2.541111111	40.55555556
31.36666667	-63.16666667	2.364722222	51.82777778	-12.49788889	98.1	85.38888889	108.7777778	229.4444444	-0.369388889	2.566666667	40.61111111
31.01388889	-63.56111111	1.250277778	51.02222222	-13.29122222	98.27777778	85.34444444	109.5555556	229.8333333	-0.422055556	2.644444444	40.61111111
30.62555556	-63.91666667	0.116222222	50.16666667	-14.09111111	98.50555556	85.36666667	110.4722222	230.0555556	-0.490944444	2.660555556	40.66666667
30.27422222	-64.27777778	-1.051111111	49.27222222	-14.89111111	98.86111111	85.26111111	111.3333333	230.2777778	-0.571237778	2.679444444	40.61111111
29.91861111	-64.60555556	-2.237944444	48.31666667	-15.69555556	99.1	85.33333333	112.2722222	230.4444444	-0.658666667	2.808333333	40.66666667
29.56055556	-64.92222222	-3.432055556	47.32777778	-16.49555556	99.23333333	85.31666667	113.1055556	230.8333333	-0.760444444	2.826666667	40.66666667
29.2	-65.22777778	-4.649444444	46.24444444	-17.27222222	99.66111111	85.31666667	114.0444444	230.8888889	-0.856777778	2.906111111	40.72222222
28.87666667	-65.48888889	-5.844072222	45.15555556	-18.04222222	99.85	85.36111111	115.1333333	230.9444444	-0.955	2.906222222	40.72222222
28.56388889	-65.75	-7.031555556	44.03888889	-18.79277778	100.1666667	85.45	115.9444444	231.0555556	-1.051111111	3.021722222	40.77777778
28.25444444	-65.99444444	-8.210555556	42.93333333	-19.51777778	100.3388889	85.41111111	116.7222222	231.1111111	-1.142222222	3.028888889	40.88888889
27.96722222	-66.23888889	-9.347777778	41.825	-20.235	100.5888889	85.42222222	117.5555556	231.1666667	-1.221111111	3.093611111	40.94444444
27.68888889	-66.47777778	-10.45172222	40.68944444	-20.91944444	100.8	85.37777778	118.5555556	231.2222222	-1.296666667	3.204444444	41.05555556
27.42055556	-66.72222222	-11.50472222	39.55777778	-21.59444444	101.0166667	85.31111111	119.2777778	230.9444444	-1.362777778	3.196111111	41.22222222
27.18444444	-66.98333333	-12.494	38.39166667	-22.21666667	101.2666667	85.24444444	120.1666667	230.9444444	-1.4315	3.263055556	41.5
26.94944444	-67.24444444	-13.48833333	37.14944444	-22.80555556	101.4055556	85.17777778	121	230.5555556	-1.491444444	3.373261111	41.61111111
26.71277778	-67.47222222	-14.48222222	35.83977778	-23.36666667	101.5444444	85.05555556	121.7777778	230.3333333	-1.557055556	3.418944444	41.77777778
26.48	-67.7	-15.52	34.43833333	-23.88333333	101.7333333	85.04444444	122.8333333	229.8888889	-1.625222222	3.461166667	42.11111111
26.27388889	-67.87777778	-16.62611111	32.96	-24.39444444	101.9611111	85.04444444	123.8333333	229.6111111	-1.690666667	3.494777778	42.5
26.10333333	-68.02222222	-17.81055556	31.39111111	-24.91666667	102.1333333	85.07222222	125.2222222	229.0555556	-1.765277778	3.572222222	42.77777778
25.94611111	-68.10555556	-19.08055556	29.72111111	-25.44444444	102.25	85.12222222	126.6666667	228.7777778	-1.838111111	3.53	43.05555556
25.81666667	-68.16111111	-20.43888889	27.86416667	-26.02777778	102.4777778	85.16111111	128.2777778	228.4444444	-1.911277778	3.543333333	43.33333333
25.73944444	-68.16666667	-21.83333333	25.79172222	-26.60555556	102.6277778	85.2	129.8888889	227.6666667	-1.985722222	3.541	43.72222222
25.70388889	-68.13333333	-23.27222222	23.48777778	-27.17777778	102.7111111	85.2	131.4444444	226.7777778	-2.059277778	3.4805	43.66666667
25.71666667	-68.10555556	-24.62777778	20.91888889	-27.71	102.85	85.17222222	133.0555556	225.6666667	-2.124111111	3.466388889	43.66666667
25.77944444	-68.07777778	-25.85	18.11055556	-28.18777778	102.7944444	85.07222222	134.3722222	223.9444444	-2.184907444	3.370777778	43.88888889
25.89888889	-68.11111111	-26.86111111	15.06372222	-28.56777778	102.75	84.79444444	135.2944444	222	-2.238777778	3.273944444	43.83333333
26.09722222	-68.17222222	-27.56111111	11.93905556	-28.82722222	102.7055556	84.46111111	135.9333333	219.4444444	-2.273611111	3.159472222	43.72222222
26.36388889	-68.32222222	-27.86222222	8.800777778	-28.95	102.4166667	83.89444444	135.9166667	216.7222222	-2.289666667	3.025444444	43.66666667
26.72	-68.58888889	-27.61444444	5.826111111	-28.89227778	102.2222222	83.13333333	135.2166667	213.3888889	-2.274555556	2.836611111	43.55555556
27.18555556	-68.98888889	-26.58666667	3.150166667	-28.66666667	101.7388889	82.12222222	133.8222222	209.8888889	-2.234722222	2.704444444	43.44444444
27.73722222	-69.50555556	-24.7	1.009111111	-28.13222222	101.2444444	80.90555556	131.2722222	205.6666667	-2.154722222	2.560277778	43.27777778
28.41222222	-70.16666667	-21.79388889	-0.424361111	-27.21722222	100.5555556	79.50555556	127.75	201.3888889	-2.021611111	2.420616667	42.83333333
29.23555556	-70.90555556	-17.74488889	-0.949444444	-25.875	99.8	77.88888889	122.95	196.8888889	-1.833222222	2.224905556	42.44444444
30.22555556	-71.67222222	-12.50861111	-0.256	-23.94222222	98.94444444	76.1	117.0055556	192.3888889	-1.607794444	2.069277778	42.38888889
31.40333333	-72.37777778	-6.055555556	1.901944444	-21.35966667	97.81666667	74.23333333	110.1055556	187.9444444	-1.3215	1.869833333	42.05555556
32.80344444	-72.86666667	1.511111111	5.713333333	-18.045	96.52777778	72.47222222	102.5555556	184.2222222	-0.970555556	1.666666667	41.77777778
34.40644444	-72.97222222	10.06055556	11.24222222	-13.92833333	95.12222222	70.92777778	94.65	181.1666667	-0.590611111	1.413333333	41.66666667
36.24	-72.5	19.38605556	18.32444444	-9.057777778	93.51666667	69.80555556	86.62222222	178.9444444	-0.186944444	1.227222222	41.38888889
38.26833333	-71.25	29.13277778	26.70944444	-3.434444444	91.86111111	69.23333333	78.95	177.6111111	0.246944444	0.956111111	41.38888889
40.43388889	-69.00555556	38.85888889	35.97	2.741388889	90.07222222	69.39444444	72.15	177.0555556	0.652888889	0.717777778	41.5
42.66833333	-65.67222222	48.02222222	45.651	9.215	88.3	70.5	66.85555556	177.7222222	1.032277778	0.561666667	41.55555556
44.84444444	-61.18333333	55.81111111	55.15055556	15.60666667	86.68333333	72.56666667	63.58333333	179.3888889	1.347777778	0.423222222	41.55555556
46.85	-55.76111111	61.68888889	63.73333333	21.41888889	85.33333333	75.61666667	62.62222222	182.0555556	1.564444444	0.426533333	41.5
48.53888889	-49.74444444	65.35	70.79444444	26.16888889	84.32777778	79.42777778	63.85	185.3888889	1.704444444	0.528888889	41.27777778
49.81111111	-43.66444444	66.9	75.84444444	29.55555556	83.61666667	83.62222222	66.81111111	188.9444444	1.755388889	0.708555556	40.83333333
50.65	-38.03	66.68888889	78.73888889	31.48333333	83.38888889	87.85	70.96666667	192.1111111	1.743833333	0.972222222	40.5
51.05	-33.26555556	65.25	79.78333333	32.12222222	83.71111111	91.82777778	75.65555556	194.6111111	1.663277778	1.137222222	40.22222222
51.06111111	-29.71611111	63.02222222	79.45	31.82777778	84.14444444	95.18888889	80.26111111	196.5	1.5525	1.165555556	40.05555556
50.76111111	-27.46370556	60.42777778	78.30555556	30.88888889	84.82777778	98.02222222	84.43333333	197.9444444	1.408	1.204444444	40
